Bill, 111111, 1, Grunt, 7.25, 10, 22, 2014, 8, 0, 0, 17, 0, 0, 8, 0, 0, 14, 0, 0, 10, 23, 2014, 8, 0, 0, 17, 0, 0, 8, 0, 0, 14, 0, 0, 10, 24, 2014, 8, 0, 0, 17, 0, 0, 8, 0, 0, 14, 0, 0, 10, 25, 2014, 8, 0, 0, 17, 0, 0, 8, 0, 0, 14, 0, 0, 10, 26, 2014, 8, 0, 0, 17, 0, 0, 8, 0, 0, 14, 0, 0, 10, 27, 2014, 8, 0, 0, 17, 0, 0, 8, 0, 0, 14, 0, 0, 10, 28, 2014, 8, 0, 0, 17, 0, 0, 8, 0, 0, 14, 0, 0
10, 29, 2014, 8, 0, 0, 17, 0, 0, 8, 0, 0, 14, 0, 0, 10, 30, 2014, 8, 0, 0, 17, 0, 0, 8, 0, 0, 14, 0, 0, 10, 31, 2014, 8, 0, 0, 17, 0, 0, 8, 0, 0, 14, 0, 0, 11, 1, 2014, 8, 0, 0, 17, 0, 0, 8, 0, 0, 14, 0, 0, 11, 2, 2014, 8, 0, 0, 17, 0, 0, 8, 0, 0, 14, 0, 0, 11, 3, 2014, 8, 0, 0, 17, 0, 0, 8, 0, 0, 14, 0, 0, 11, 4, 2014, 8, 0, 0, 17, 0, 0, 8, 0, 0, 14, 0, 0
Ted, 111112, 1, UpperGrunt, 7.25, 10, 22, 2014, 8, 0, 0, 17, 0, 0, 8, 0, 0, 14, 0, 0, 10, 23, 2014, 8, 0, 0, 17, 0, 0, 8, 0, 0, 14, 0, 0, 10, 24, 2014, 8, 0, 0, 17, 0, 0, 8, 0, 0, 14, 0, 0, 10, 25, 2014, 8, 0, 0, 17, 0, 0, 8, 0, 0, 14, 0, 0, 10, 26, 2014, 8, 0, 0, 17, 0, 0, 8, 0, 0, 14, 0, 0, 10, 27, 2014, 8, 0, 0, 17, 0, 0, 8, 0, 0, 14, 0, 0, 10, 28, 2014, 8, 0, 0, 17, 0, 0, 8, 0, 0, 14, 0, 0
10, 29, 2014, 8, 0, 0, 17, 0, 0, 8, 0, 0, 14, 0, 0, 10, 30, 2014, 8, 0, 0, 17, 0, 0, 8, 0, 0, 14, 0, 0, 10, 31, 2014, 8, 0, 0, 17, 0, 0, 8, 0, 0, 14, 0, 0, 11, 1, 2014, 8, 0, 0, 17, 0, 0, 8, 0, 0, 14, 0, 0, 11, 2, 2014, 8, 0, 0, 17, 0, 0, 8, 0, 0, 14, 0, 0, 11, 3, 2014, 8, 0, 0, 17, 0, 0, 8, 0, 0, 14, 0, 0, 11, 4, 2014, 8, 0, 0, 17, 0, 0, 8, 0, 0, 14, 0, 0
Matt, 111113, 2, TopGrunt, 11.25, 10, 22, 2014, 8, 0, 0, 17, 0, 0, 8, 0, 0, 14, 0, 0, 10, 23, 2014, 8, 0, 0, 17, 0, 0, 8, 0, 0, 14, 0, 0, 10, 24, 2014, 8, 0, 0, 17, 0, 0, 8, 0, 0, 14, 0, 0, 10, 25, 2014, 8, 0, 0, 17, 0, 0, 8, 0, 0, 14, 0, 0, 10, 26, 2014, 8, 0, 0, 17, 0, 0, 8, 0, 0, 14, 0, 0, 10, 27, 2014, 8, 0, 0, 17, 0, 0, 8, 0, 0, 14, 0, 0, 10, 28, 2014, 8, 0, 0, 17, 0, 0, 8, 0, 0, 14, 0, 0
10, 29, 2014, 8, 0, 0, 17, 0, 0, 8, 0, 0, 14, 0, 0, 10, 30, 2014, 8, 0, 0, 17, 0, 0, 8, 0, 0, 14, 0, 0, 10, 31, 2014, 8, 0, 0, 17, 0, 0, 8, 0, 0, 14, 0, 0, 11, 1, 2014, 8, 0, 0, 17, 0, 0, 8, 0, 0, 14, 0, 0, 11, 2, 2014, 8, 0, 0, 17, 0, 0, 8, 0, 0, 14, 0, 0, 11, 3, 2014, 8, 0, 0, 17, 0, 0, 8, 0, 0, 14, 0, 0, 11, 4, 2014, 8, 0, 0, 17, 0, 0, 8, 0, 0, 14, 0, 0
Leandra, 111114, 2, Grunt, 11.25, 10, 22, 2014, 8, 0, 0, 17, 0, 0, 8, 0, 0, 14, 0, 0, 10, 23, 2014, 8, 0, 0, 17, 0, 0, 8, 0, 0, 14, 0, 0, 10, 24, 2014, 8, 0, 0, 17, 0, 0, 8, 0, 0, 14, 0, 0, 10, 25, 2014, 8, 0, 0, 17, 0, 0, 8, 0, 0, 14, 0, 0, 10, 26, 2014, 8, 0, 0, 17, 0, 0, 8, 0, 0, 14, 0, 0, 10, 27, 2014, 8, 0, 0, 17, 0, 0, 8, 0, 0, 14, 0, 0, 10, 28, 2014, 8, 0, 0, 17, 0, 0, 8, 0, 0, 14, 0, 0
10, 29, 2014, 8, 0, 0, 17, 0, 0, 8, 0, 0, 14, 0, 0, 10, 30, 2014, 8, 0, 0, 17, 0, 0, 8, 0, 0, 14, 0, 0, 10, 31, 2014, 8, 0, 0, 17, 0, 0, 8, 0, 0, 14, 0, 0, 11, 1, 2014, 8, 0, 0, 17, 0, 0, 8, 0, 0, 14, 0, 0, 11, 2, 2014, 8, 0, 0, 17, 0, 0, 8, 0, 0, 14, 0, 0, 11, 3, 2014, 8, 0, 0, 17, 0, 0, 8, 0, 0, 14, 0, 0, 11, 4, 2014, 8, 0, 0, 17, 0, 0, 8, 0, 0, 14, 0, 0
Randy, 111115, 3, UpperGrunt, 19.99, 10, 22, 2014, 8, 0, 0, 17, 0, 0, 8, 0, 0, 14, 0, 0, 10, 23, 2014, 8, 0, 0, 17, 0, 0, 8, 0, 0, 14, 0, 0, 10, 24, 2014, 8, 0, 0, 17, 0, 0, 8, 0, 0, 14, 0, 0, 10, 25, 2014, 8, 0, 0, 17, 0, 0, 8, 0, 0, 14, 0, 0, 10, 26, 2014, 8, 0, 0, 17, 0, 0, 8, 0, 0, 14, 0, 0, 10, 27, 2014, 8, 0, 0, 17, 0, 0, 8, 0, 0, 14, 0, 0, 10, 28, 2014, 8, 0, 0, 17, 0, 0, 8, 0, 0, 14, 0, 0
10, 29, 2014, 8, 0, 0, 17, 0, 0, 8, 0, 0, 14, 0, 0, 10, 30, 2014, 8, 0, 0, 17, 0, 0, 8, 0, 0, 14, 0, 0, 10, 31, 2014, 8, 0, 0, 17, 0, 0, 8, 0, 0, 14, 0, 0, 11, 1, 2014, 8, 0, 0, 17, 0, 0, 8, 0, 0, 14, 0, 0, 11, 2, 2014, 8, 0, 0, 17, 0, 0, 8, 0, 0, 14, 0, 0, 11, 3, 2014, 8, 0, 0, 17, 0, 0, 8, 0, 0, 14, 0, 0, 11, 4, 2014, 8, 0, 0, 17, 0, 0, 8, 0, 0, 14, 0, 0
Mr. Bowe, 111116, 3, TopGrunt, 9000.01, 10, 22, 2014, 8, 0, 0, 17, 0, 0, 8, 0, 0, 14, 0, 0, 10, 23, 2014, 8, 0, 0, 17, 0, 0, 8, 0, 0, 14, 0, 0, 10, 24, 2014, 8, 0, 0, 17, 0, 0, 8, 0, 0, 14, 0, 0, 10, 25, 2014, 8, 0, 0, 17, 0, 0, 8, 0, 0, 14, 0, 0, 10, 26, 2014, 8, 0, 0, 17, 0, 0, 8, 0, 0, 14, 0, 0, 10, 27, 2014, 8, 0, 0, 17, 0, 0, 8, 0, 0, 14, 0, 0, 10, 28, 2014, 8, 0, 0, 17, 0, 0, 8, 0, 0, 14, 0, 0
10, 29, 2014, 8, 0, 0, 17, 0, 0, 8, 0, 0, 14, 0, 0, 10, 30, 2014, 8, 0, 0, 17, 0, 0, 8, 0, 0, 14, 0, 0, 10, 31, 2014, 8, 0, 0, 17, 0, 0, 8, 0, 0, 14, 0, 0, 11, 1, 2014, 8, 0, 0, 17, 0, 0, 8, 0, 0, 14, 0, 0, 11, 2, 2014, 8, 0, 0, 17, 0, 0, 8, 0, 0, 14, 0, 0, 11, 3, 2014, 8, 0, 0, 17, 0, 0, 8, 0, 0, 14, 0, 0, 11, 4, 2014, 8, 0, 0, 17, 0, 0, 8, 0, 0, 14, 0, 0
